Depth intrinsics:
  width: 640, height: 480
  fx: 392.7529602050781, fy: 392.7529602050781
  cx: 322.5765075683594, cy: 240.3333740234375
  distortion model: distortion.brown_conrady
  coeffs: [0.0, 0.0, 0.0, 0.0, 0.0]

Color intrinsics:
  width: 640, height: 480
  fx: 618.3787841796875, fy: 618.2737426757812
  cx: 327.145263671875, cy: 236.78334045410156
  distortion model: distortion.inverse_brown_conrady
  coeffs: [0.0, 0.0, 0.0, 0.0, 0.0]

Depth → Color extrinsics:
  rotation: [0.9999597668647766, 0.008935359306633472, 0.0007609923486597836, -0.008935032412409782, 0.9999600052833557, -0.00043141801143065095, -0.0007648167666047812, 0.0004246011667419225, 0.9999996423721313]
  translation: [0.014853967353701591, 0.0002690474211703986, 0.00038675882387906313]
Depth Scale is:  0.0010000000474974513