camera_name: realsense_d435
image_width: 1280
image_height: 720

distortion_model: plumb_bob

distortion_coefficients:
  data: [0.10327713828343771, -0.3500654648556555, 0.006374932801488753, -0.007611986931324224, 0.2801970502759143]

camera_matrix:
  rows: 3
  cols: 3
  data: [892.3465016176676, 0.0, 640.8709357261621, 0.0, 912.6374118573723, 415.75226069380255, 0.0, 0.0, 1.0]

rectification_matrix:
  rows: 3
  cols: 3
  data: [1.0, 0.0, 0.0, 0.0, 1.0, 0.0, 0.0, 0.0, 1.0]

projection_matrix:
  rows: 3
  cols: 4
  data: [892.3465016176676, 0.0, 640.8709357261621, 0.0, 0.0, 912.6374118573723, 415.75226069380255, 0.0, 0.0, 0.0, 1.0, 0.0]
