image_width: 640
image_height: 480
camera_name: d435i_color
camera_matrix:
  rows: 3
  cols: 3
  data: [618.379, 0.0, 327.145,
         0.0, 618.274, 236.783,
         0.0, 0.0, 1.0]
distortion_model: plumb_bob   # Inverse Brown Conrady with zero coeffs behaves like pinhole
distortion_coefficients:
  rows: 1
  cols: 5
  data: [0.0, 0.0, 0.0, 0.0, 0.0]
rectification_matrix:
  rows: 3
  cols: 3
  data: [1.0, 0.0, 0.0,
         0.0, 1.0, 0.0,
         0.0, 0.0, 1.0]
projection_matrix:
  rows: 3
  cols: 4
  data: [618.379, 0.0, 327.145, 0.0,
         0.0, 618.274, 236.783, 0.0,
         0.0, 0.0, 1.0, 0.0]
