camera_name: realsense_d455
image_width: 1280
image_height: 720

distortion_model: plumb_bob

distortion_coefficients:
  data: [-0.06077020242810249, 0.07353685796260834, -0.0004380305763334036, 7.847094821045175e-05, -0.02397194504737854]

camera_matrix:
  rows: 3
  cols: 3
  data: [635.1553955078125, 0.0, 644.5468139648438, 0.0, 634.700439453125, 363.3507995605469, 0.0, 0.0, 1.0]

rectification_matrix:
  rows: 3
  cols: 3
  data: [1.0, 0.0, 0.0, 0.0, 1.0, 0.0, 0.0, 0.0, 1.0]

projection_matrix:
  rows: 3
  cols: 4
  data: [635.1553955078125, 0.0, 644.5468139648438, 0.0, 0.0, 634.700439453125, 363.3507995605469, 0.0, 0.0, 0.0, 1.0, 0.0]